,cx,cxROI,cy,cyROI
0,422,65,310,95
1,452,70,305,94
2,478,74,291,89
3,463,72,276,85
4,437,68,274,84
5,465,72,234,72
6,441,68,239,73
7,436,68,264,81
8,440,68,272,83
9,439,68,230,70
10,418,65,248,76
11,424,66,278,85
12,433,67,283,87
13,415,64,234,72
14,398,62,256,78
15,408,63,282,86
16,419,65,284,87
17,394,61,242,74
18,385,60,261,80
19,394,61,283,87
20,404,63,287,88
21,423,67,315,97
22,453,72,307,94
23,479,76,287,88
24,464,74,264,81
25,436,69,254,78
26,468,74,234,72
27,445,71,230,70
28,435,69,255,78
29,435,69,271,83
30,440,70,230,70
31,421,67,235,72
32,423,67,269,82
33,430,68,285,87
34,416,66,233,71
35,402,64,243,74
36,407,65,273,84
37,415,66,285,87
38,394,63,242,74
39,385,61,252,77
40,392,62,274,84
41,401,64,282,86
42,420,64,312,96
43,451,69,307,94
44,479,74,294,90
45,469,72,278,85
46,446,68,272,83
47,472,73,238,73
48,447,69,232,71
49,435,67,258,79
50,435,67,276,85
51,445,68,233,71
52,424,65,233,71
53,421,65,267,82
54,425,65,286,88
55,421,65,235,72
56,403,62,236,72
57,404,62,266,82
58,411,63,283,87
59,400,61,241,74
60,388,60,242,74
61,391,60,266,82
62,398,61,278,85
63,419,65,313,96
64,454,70,306,94
65,483,75,289,89
66,470,73,270,83
67,446,69,265,81
68,470,73,237,73
69,450,70,233,71
70,439,68,258,79
71,438,68,278,85
72,444,69,231,71
73,423,66,234,72
74,422,65,267,82
75,425,66,289,89
76,421,65,233,71
77,404,63,237,73
78,406,63,267,82
79,412,64,286,88
80,401,62,240,74
81,390,60,243,74
82,393,61,266,82
83,400,62,280,86
84,424,66,315,97
85,454,71,308,94
86,479,75,291,89
87,463,73,270,83
88,436,68,260,80
89,469,74,237,73
90,455,71,230,70
91,441,69,248,76
92,435,68,263,81
93,443,69,230,70
94,426,67,237,73
95,426,67,271,83
96,431,68,290,89
97,420,66,233,71
98,406,64,243,74
99,410,64,274,84
100,418,65,288,88
101,399,62,240,74
102,390,61,251,77
103,396,62,275,84
104,406,64,286,88
105,428,66,312,96
106,456,70,306,94
107,481,74,289,89
108,463,71,271,83
109,434,67,264,81
110,469,72,237,73
111,464,72,232,71
112,453,70,248,76
113,445,69,254,78
114,442,68,231,71
115,432,67,246,75
116,435,67,278,85
117,440,68,284,87
118,417,64,234,72
119,408,63,254,78
120,416,64,281,86
121,424,65,284,87
122,395,61,242,74
123,390,60,261,80
124,398,61,282,86
125,407,63,284,87
126,429,67,313,96
127,457,71,307,94
128,483,75,294,90
129,478,74,281,86
130,458,71,277,85
131,475,74,237,73
132,464,72,230,70
133,453,70,252,77
134,447,69,270,83
135,447,69,233,71
136,435,67,233,71
137,433,67,267,82
138,438,68,287,88
139,422,65,237,73
140,412,64,243,74
141,416,65,274,84
142,423,66,289,89
143,401,62,245,75
144,394,61,253,78
145,400,62,277,85
146,410,64,287,88
147,430,66,312,96
148,458,70,307,94
149,483,74,291,89
150,470,72,275,84
151,447,68,267,82
152,471,72,239,73
153,473,72,235,72
154,477,73,234,72
155,482,74,230,70
156,445,68,230,70
157,443,68,245,75
158,444,68,274,84
159,446,68,288,88
160,420,64,233,71
161,418,64,259,79
162,424,65,284,87
163,430,66,292,90
164,397,61,242,74
165,398,61,263,81
166,405,62,281,86
167,410,63,285,87
168,432,63,309,95
169,459,67,309,95
170,486,71,301,92
171,478,70,289,89
172,458,67,282,86
173,480,70,245,75
174,489,71,242,74
175,497,72,234,72
176,505,74,225,69
177,454,66,231,71
178,453,66,254,78
179,451,66,283,87
180,451,66,297,91
181,429,63,233,71
182,427,62,265,81
183,432,63,289,89
184,436,64,297,91
185,405,59,243,74
186,406,59,271,83
187,413,60,293,90
188,420,61,300,92
189,427,63,308,94
190,454,67,310,95
191,481,71,299,92
192,485,72,287,88
193,476,71,274,84
194,478,71,246,75
195,490,73,241,74
196,500,74,235,72
197,509,75,226,69
198,454,67,233,71
199,454,67,254,78
200,450,67,282,86
201,448,66,293,90
202,429,64,234,72
203,428,63,262,80
204,430,64,286,88
205,435,64,291,89
206,406,60,241,74
207,407,60,263,81
208,413,61,286,88
209,419,62,292,90
210,437,64,308,94
211,460,67,306,94
212,487,71,299,92
213,485,71,291,89
214,470,69,288,88
215,479,70,243,74
216,489,72,241,74
217,498,73,235,72
218,508,75,227,69
219,453,66,231,71
220,458,67,252,77
221,455,67,281,86
222,452,66,294,90
223,428,63,233,71
224,432,63,259,79
225,435,64,283,87
226,438,64,291,89
227,405,59,243,74
228,410,60,266,82
229,417,61,287,88
230,423,62,294,90
231,433,65,312,96
232,461,69,309,95
233,487,73,297,91
234,480,72,282,86
235,461,69,272,83
236,479,72,243,74
237,490,73,241,74
238,500,75,234,72
239,510,76,225,69
240,455,68,230,70
241,456,68,255,78
242,453,68,282,86
243,453,68,291,89
244,430,64,232,71
245,431,64,265,81
246,434,65,288,88
247,439,66,291,89
248,407,61,242,74
249,409,61,270,83
250,416,62,291,89
251,423,63,294,90
252,432,64,307,94
253,459,68,308,94
254,487,72,297,91
255,485,71,285,87
256,466,69,280,86
257,479,71,249,76
258,488,72,241,74
259,498,73,233,71
260,508,75,225,69
261,454,67,240,74
262,456,67,234,72
263,456,67,260,80
264,456,67,279,86
265,430,63,241,74
266,431,63,242,74
267,434,64,273,84
268,436,64,289,89
269,406,60,249,76
270,409,60,251,77
271,415,61,275,84
272,420,62,288,88
273,433,63,308,94
274,461,67,308,94
275,490,71,296,91
276,482,70,282,86
277,459,67,275,84
278,480,70,244,75
279,489,71,239,73
280,498,73,233,71
281,507,74,224,69
282,455,66,231,71
283,453,66,249,76
284,451,66,279,86
285,451,66,290,89
286,429,63,231,71
287,428,62,258,79
288,433,63,283,87
289,438,64,288,88
290,406,59,239,73
291,409,60,263,81
292,416,61,285,87
293,422,61,291,89
294,430,62,307,94
295,459,67,308,94
296,489,71,297,91
297,484,70,285,87
298,466,68,278,85
299,481,70,244,75
300,490,71,240,74
301,499,72,233,71
302,509,74,224,69
303,456,66,234,72
304,453,66,236,72
305,451,65,266,82
306,452,66,282,86
307,431,62,235,72
308,429,62,245,75
309,431,62,276,85
310,435,63,288,88
311,407,59,243,74
312,408,59,254,78
313,414,60,278,85
314,420,61,287,88
315,431,63,311,95
316,462,68,310,95
317,493,73,296,91
318,485,71,279,86
319,460,68,273,84
320,481,71,245,75
321,489,72,239,73
322,498,73,233,71
323,508,75,223,68
324,456,67,234,72
325,456,67,241,74
326,453,67,274,84
327,452,67,290,89
328,431,63,233,71
329,430,63,243,74
330,432,64,274,84
331,435,64,287,88
332,408,60,239,73
333,409,60,249,76
334,414,61,274,84
335,418,62,285,87
336,433,65,311,95
337,463,69,308,94
338,491,74,294,90
339,482,72,279,86
340,460,69,271,83
341,478,72,242,74
342,488,73,238,73
343,498,75,233,71
344,508,76,224,69
345,453,68,230,70
346,454,68,249,76
347,452,68,277,85
348,453,68,287,88
349,428,64,231,71
350,430,64,256,78
351,433,65,281,86
352,437,65,285,87
353,405,61,239,73
354,409,61,261,80
355,415,62,282,86
356,420,63,287,88
357,433,66,312,96
358,462,71,309,95
359,492,75,294,90
360,479,73,279,86
361,456,70,272,83
362,480,73,239,73
363,490,75,238,73
364,499,76,233,71
365,510,78,224,69
366,453,69,226,69
367,455,70,257,79
368,455,70,284,87
369,457,70,287,88
370,428,65,229,70
371,431,66,269,82
372,436,67,288,88
373,439,67,282,86
374,406,62,239,73
375,410,63,272,83
376,417,64,290,89
377,421,64,286,88
378,428,63,308,94
379,459,67,307,94
380,487,71,293,90
381,477,70,275,84
382,460,67,263,81
383,477,70,243,74
384,487,71,241,74
385,498,73,234,72
386,509,75,225,69
387,453,66,230,70
388,455,67,252,77
389,451,66,281,86
390,451,66,290,89
391,428,63,231,71
392,429,63,262,80
393,432,63,287,88
394,437,64,288,88
395,406,59,240,74
396,408,60,265,81
397,414,61,287,88
398,420,62,289,89
399,432,66,313,96
400,461,70,310,95
401,492,75,296,91
402,483,73,281,86
403,459,70,277,85
404,478,73,241,74
405,487,74,238,73
406,496,75,233,71
407,507,77,225,69
408,453,69,230,70
409,454,69,246,75
410,453,69,277,85
411,453,69,287,88
412,428,65,232,71
413,431,65,257,79
414,435,66,283,87
415,439,67,286,88
416,406,62,242,74
417,410,62,265,81
418,417,63,286,88
419,422,64,288,88
420,431,64,310,95
421,460,69,308,94
422,492,73,296,91
423,486,72,281,86
424,463,69,273,84
425,479,71,242,74
426,487,73,239,73
427,496,74,232,71
428,507,76,224,69
429,454,68,230,70
430,453,67,244,75
431,451,67,275,84
432,451,67,289,89
433,430,64,231,71
434,428,64,249,76
435,431,64,279,86
436,435,65,289,89
437,407,61,239,73
438,407,61,253,78
439,412,61,278,85
440,418,62,287,88
441,432,66,313,96
442,461,70,310,95
443,491,75,299,92
444,486,74,285,87
445,467,71,278,85
446,479,73,241,74
447,488,74,239,73
448,497,76,233,71
449,507,77,224,69
450,454,69,227,69
451,453,69,255,78
452,452,69,282,86
453,453,69,287,88
454,429,65,229,70
455,429,65,261,80
456,433,66,285,87
457,438,67,286,88
458,406,62,237,73
459,409,62,263,81
460,415,63,286,88
461,421,64,291,89
462,432,65,310,95
463,459,69,309,95
464,489,74,298,91
465,487,74,285,87
466,469,71,276,85
467,477,72,239,73
468,487,74,239,73
469,496,75,234,72
470,507,77,226,69
471,452,68,228,70
472,455,69,252,77
473,452,68,279,86
474,449,68,286,88
475,428,65,231,71
476,431,65,261,80
477,434,66,283,87
478,436,66,285,87
479,405,61,241,74
480,410,62,266,82
481,416,63,286,88
482,420,63,289,89
483,434,65,311,95
484,460,69,309,95
485,490,73,300,92
486,487,73,285,87
487,468,70,277,85
488,480,72,242,74
489,489,73,239,73
490,497,74,233,71
491,505,76,225,69
492,454,68,230,70
493,456,68,248,76
494,454,68,276,85
495,454,68,285,87
496,429,64,231,71
497,430,64,262,80
498,433,65,285,87
499,438,66,287,88
500,406,61,240,74
501,408,61,268,82
502,415,62,288,88
503,421,63,291,89
504,432,65,312,96
505,461,69,310,95
506,492,74,296,91
507,484,73,281,86
508,462,70,275,84
509,479,72,242,74
510,488,73,240,74
511,496,75,234,72
512,506,76,226,69
513,454,68,230,70
514,457,69,252,77
515,453,68,280,86
516,453,68,290,89
517,429,65,232,71
518,432,65,260,80
519,434,65,285,87
520,437,66,290,89
521,406,61,240,74
522,410,62,262,80
523,415,62,285,87
524,421,63,291,89
525,433,66,312,96
526,463,71,308,94
527,492,75,294,90
528,485,74,279,86
529,465,71,271,83
530,478,73,239,73
531,488,75,237,73
532,497,76,232,71
533,508,78,225,69
534,454,69,226,69
535,455,70,253,78
536,453,69,280,86
537,453,69,289,89
538,429,66,228,70
539,431,66,260,80
540,434,66,281,86
541,438,67,284,87
542,406,62,237,73
543,409,62,260,80
544,415,63,280,86
545,421,64,285,87
546,430,64,312,96
547,459,69,310,95
548,490,73,296,91
549,483,72,279,86
550,461,69,270,83
551,478,72,243,74
552,486,73,239,73
553,495,74,233,71
554,504,75,225,69
555,453,68,234,72
556,450,67,237,73
557,450,67,270,83
558,453,68,289,89
559,428,64,235,72
560,428,64,243,74
561,431,64,277,85
562,434,65,291,89
563,405,61,244,75
564,407,61,251,77
565,413,62,277,85
566,418,63,288,88
567,432,65,310,95
568,463,70,306,94
569,490,74,285,87
570,479,72,265,81
571,462,70,254,78
572,474,71,240,74
573,482,73,238,73
574,494,74,233,71
575,505,76,226,69
576,449,68,233,71
577,451,68,236,72
578,450,68,268,82
579,449,68,286,88
580,425,64,236,72
581,429,65,243,74
582,432,65,274,84
583,435,65,288,88
584,404,61,245,75
585,409,61,252,77
586,415,62,276,85
587,419,63,286,88
588,431,65,312,96
589,459,69,310,95
590,488,74,295,90
591,481,73,278,85
592,460,70,269,82
593,476,72,241,74
594,484,73,241,74
595,493,75,235,72
596,503,76,226,69
597,451,68,229,70
598,453,69,248,76
599,451,68,276,85
600,452,68,290,89
601,426,64,231,71
602,430,65,256,78
603,433,65,281,86
604,436,66,291,89
605,403,61,240,74
606,408,62,263,81
607,414,63,285,87
608,419,63,292,90
609,429,63,309,95
610,456,67,308,94
611,485,71,299,92
612,487,71,287,88
613,474,69,279,86
614,479,70,244,75
615,487,71,242,74
616,495,73,235,72
617,505,74,226,69
618,456,67,232,71
619,451,66,249,76
620,448,66,276,85
621,450,66,288,88
622,431,63,232,71
623,426,62,252,77
624,429,63,280,86
625,435,64,290,89
626,408,60,238,73
627,405,59,254,78
628,411,60,278,85
629,417,61,287,88
630,434,66,312,96
631,462,70,308,94
632,491,75,295,90
633,481,73,280,86
634,458,70,274,84
635,475,72,240,74
636,486,74,238,73
637,496,75,234,72
638,508,77,226,69
639,450,68,228,70
640,456,69,252,77
641,454,69,278,85
642,454,69,281,86
643,427,65,230,70
644,431,65,265,81
645,435,66,286,88
646,440,67,282,86
647,405,62,239,73
648,411,62,269,82
649,416,63,289,89
650,420,64,288,88
651,432,65,311,95
652,460,69,308,94
653,489,74,298,91
654,488,73,288,88
655,473,71,282,86
656,479,72,241,74
657,488,73,240,74
658,496,75,235,72
659,506,76,229,70
660,454,68,229,70
661,456,69,253,78
662,453,68,278,85
663,453,68,290,89
664,429,65,231,71
665,432,65,263,81
666,434,65,286,88
667,437,66,293,90
668,406,61,239,73
669,410,62,265,81
670,416,63,285,87
671,421,63,291,89
672,433,65,310,95
673,462,69,308,94
674,490,73,296,91
675,481,72,283,87
676,458,69,277,85
677,478,72,241,74
678,487,73,239,73
679,496,74,234,72
680,506,76,227,69
681,453,68,229,70
682,454,68,248,76
683,451,68,275,84
684,450,67,287,88
685,428,64,231,71
686,429,64,259,79
687,433,65,283,87
688,437,65,290,89
689,405,61,240,74
690,408,61,265,81
691,415,62,286,88
692,421,63,292,90
693,430,64,310,95
694,460,68,309,95
695,490,73,297,91
696,484,72,284,87
697,463,69,278,85
698,478,71,243,74
699,487,72,241,74
700,497,74,234,72
701,507,75,227,69
702,454,67,234,72
703,452,67,239,73
704,450,67,271,83
705,448,66,289,89
706,429,64,236,72
707,428,63,244,75
708,431,64,276,85
709,433,64,292,90
710,407,60,245,75
711,406,60,251,77
712,412,61,276,85
713,418,62,288,88
714,430,64,311,95
715,458,68,310,95
716,488,72,298,91
717,482,71,286,88
718,462,68,279,86
719,478,71,244,75
720,486,72,241,74
721,496,74,235,72
722,505,75,227,69
723,453,67,233,71
724,452,67,246,75
725,449,66,277,85
726,449,66,291,89
727,428,63,234,72
728,428,63,251,77
729,431,64,281,86
730,435,64,292,90
731,405,60,242,74
732,407,60,255,78
733,413,61,280,86
734,418,62,291,89
735,431,65,312,96
736,458,69,310,95
737,488,73,300,92
738,485,73,286,88
739,465,70,278,85
740,478,72,242,74
741,487,73,241,74
742,496,75,236,72
743,506,76,228,70
744,453,68,229,70
745,454,68,257,79
746,450,68,284,87
747,450,68,290,89
748,427,64,231,71
749,430,65,264,81
750,432,65,287,88
751,435,65,289,89
752,404,61,240,74
753,408,61,266,82
754,414,62,287,88
755,419,63,292,90
756,429,64,313,96
757,457,68,312,96
758,488,73,300,92
759,487,73,286,88
760,470,70,276,85
761,478,72,244,75
762,485,73,243,74
763,494,74,236,72
764,504,75,229,70
765,453,68,233,71
766,453,68,245,75
767,450,67,272,83
768,450,67,289,89
769,429,64,234,72
770,428,64,250,77
771,430,64,278,85
772,434,65,294,90
773,406,61,242,74
774,405,61,257,79
775,410,61,281,86
776,416,62,293,90
777,432,66,315,97
778,461,70,310,95
779,490,75,295,90
780,479,73,279,86
781,455,70,272,83
782,476,73,242,74
783,485,74,241,74
784,495,76,236,72
785,506,77,228,70
786,451,69,230,70
787,454,69,253,78
788,450,69,282,86
789,448,68,296,91
790,427,65,232,71
791,430,66,260,80
792,433,66,285,87
793,436,67,294,90
794,404,62,241,74
795,409,62,265,81
796,416,64,286,88
797,421,64,293,90
798,431,64,311,95
799,460,69,309,95
800,489,73,300,92
801,484,72,286,88
802,463,69,278,85
803,477,71,243,74
804,487,73,242,74
805,496,74,237,73
806,506,75,229,70
807,452,67,230,70
808,455,68,256,78
809,453,67,283,87
810,453,67,293,90
811,427,64,232,71
812,430,64,266,82
813,433,64,287,88
814,437,65,290,89
815,403,60,241,74
816,408,61,270,83
817,415,62,290,89
818,421,63,294,90
819,433,66,315,97
820,460,70,310,95
821,489,75,298,91
822,485,74,286,88
823,467,71,280,86
824,478,73,242,74
825,486,74,242,74
826,495,76,237,73
827,506,77,229,70
828,452,69,229,70
829,455,70,258,79
830,454,69,283,87
831,455,70,290,89
832,426,65,231,71
833,431,66,270,83
834,435,66,291,89
835,438,67,291,89
836,403,62,241,74
837,409,62,273,84
838,416,64,293,90
839,421,64,295,90
840,430,63,309,95
841,455,66,310,95
842,486,71,299,92
843,487,71,288,88
844,472,69,282,86
845,476,69,245,75
846,485,71,242,74
847,495,72,237,73
848,505,74,230,70
849,451,66,236,72
850,454,66,240,74
851,452,66,270,83
852,451,66,286,88
853,427,62,238,73
854,429,63,244,75
855,431,63,275,84
856,433,63,290,89
857,404,59,247,76
858,407,59,251,77
859,412,60,276,85
860,416,61,288,88
861,432,66,315,97
862,462,71,308,94
863,490,75,291,89
864,477,73,277,85
865,451,69,274,84
866,475,73,242,74
867,485,74,242,74
868,495,76,237,73
869,506,77,229,70
870,449,69,230,70
871,451,69,257,79
872,450,69,285,87
873,450,69,295,90
874,424,65,233,71
875,429,66,270,83
876,434,66,290,89
877,438,67,289,89
878,401,61,243,74
879,408,62,275,84
880,415,63,293,90
881,420,64,294,90
882,429,64,311,95
883,459,68,310,95
884,489,73,293,90
885,481,72,276,85
886,459,68,268,82
887,475,71,243,74
888,484,72,241,74
889,494,74,235,72
890,505,75,229,70
891,451,67,234,72
892,451,67,242,74
893,449,67,271,83
894,449,67,290,89
895,428,64,236,72
896,426,63,245,75
897,430,64,275,84
898,433,64,292,90
899,405,60,244,75
900,405,60,249,76
901,411,61,273,84
902,416,62,288,88
903,429,65,312,96
904,459,69,310,95
905,490,74,297,91
906,482,73,281,86
907,458,69,274,84
908,476,72,242,74
909,485,73,241,74
910,496,75,235,72
911,508,76,229,70
912,450,68,230,70
913,453,68,254,78
914,450,68,282,86
915,449,68,294,90
916,425,64,232,71
917,429,65,261,80
918,432,65,284,87
919,435,65,289,89
920,402,60,242,74
921,408,61,264,81
922,414,62,284,87
923,419,63,290,89
924,429,64,313,96
925,458,69,313,96
926,489,73,302,93
927,483,72,286,88
928,462,69,277,85
929,478,72,244,75
930,485,73,243,74
931,494,74,237,73
932,505,76,228,70
933,452,68,230,70
934,454,68,253,78
935,450,67,282,86
936,448,67,294,90
937,427,64,231,71
938,429,64,262,80
939,431,64,286,88
940,434,65,292,90
941,403,60,240,74
942,407,61,266,82
943,414,62,288,88
944,419,63,293,90
945,428,65,313,96
946,457,69,311,95
947,488,74,299,92
948,484,73,284,87
949,463,70,276,85
950,474,72,242,74
951,484,73,241,74
952,494,75,236,72
953,506,77,229,70
954,450,68,230,70
955,451,68,254,78
956,448,68,283,87
957,448,68,295,90
958,425,64,231,71
959,426,64,260,80
960,429,65,287,88
961,434,66,295,90
962,402,61,241,74
963,405,61,263,81
964,411,62,287,88
965,417,63,296,91
966,431,67,315,97
967,460,71,312,96
968,490,76,298,91
969,480,74,283,87
970,456,70,276,85
971,478,74,240,74
972,487,75,241,74
973,496,77,236,72
974,506,78,228,70
975,451,70,228,70
976,454,70,255,78
977,453,70,284,87
978,452,70,293,90
979,426,66,231,71
980,430,66,263,81
981,433,67,289,89
982,436,67,294,90
983,402,62,241,74
984,408,63,265,81
985,415,64,288,88
986,420,65,293,90
987,427,64,313,96
988,455,68,312,96
989,486,72,302,93
990,486,72,289,89
991,468,70,280,86
992,477,71,245,75
993,485,72,242,74
994,495,74,237,73
995,506,75,228,70
996,451,67,232,71
997,452,67,256,78
998,449,67,284,87
999,449,67,294,90
1000,426,63,233,71
1001,428,64,261,80
1002,430,64,286,88
1003,434,65,292,90
1004,403,60,241,74
1005,406,60,265,81
1006,411,61,287,88
1007,416,62,292,90
1008,428,64,313,96
1009,457,68,311,95
1010,488,73,298,91
1011,481,72,282,86
1012,459,68,274,84
1013,476,71,245,75
1014,485,72,241,74
1015,495,74,235,72
1016,506,75,227,69
1017,451,67,234,72
1018,453,67,245,75
1019,449,67,276,85
1020,448,67,289,89
1021,427,64,235,72
1022,428,64,252,77
1023,429,64,282,86
1024,432,64,292,90
1025,403,60,243,74
1026,406,60,254,78
1027,410,61,279,86
1028,415,62,289,89
1029,427,64,312,96
1030,453,68,311,95
1031,483,72,302,93
1032,487,73,290,89
1033,472,71,282,86
1034,475,71,243,74
1035,485,73,241,74
1036,496,74,236,72
1037,507,76,228,70
1038,450,67,231,71
1039,453,68,251,77
1040,449,67,279,86
1041,448,67,290,89
1042,425,64,233,71
1043,429,64,260,80
1044,430,64,285,87
1045,433,65,290,89
1046,403,60,242,74
1047,407,61,265,81
1048,412,62,286,88
1049,416,62,292,90
1050,430,64,312,96
1051,459,68,310,95
1052,489,73,296,91
1053,482,72,282,86
1054,459,68,275,84
1055,478,71,244,75
1056,488,73,240,74
1057,497,74,233,71
1058,507,76,226,69
1059,453,67,233,71
1060,453,67,241,74
1061,451,67,271,83
1062,452,67,288,88
1063,428,64,234,72
1064,427,64,245,75
1065,430,64,275,84
1066,434,65,289,89
1067,405,60,243,74
1068,406,60,252,77
1069,411,61,276,85
1070,416,62,288,88
1071,430,63,312,96
1072,460,67,310,95
1073,489,71,297,91
1074,481,70,281,86
1075,461,67,274,84
1076,474,69,248,76
1077,485,71,242,74
1078,496,72,234,72
1079,507,74,227,69
1080,450,66,239,73
1081,453,66,236,72
1082,452,66,266,82
1083,450,66,288,88
1084,427,62,240,74
1085,429,63,241,74
1086,431,63,273,84
1087,432,63,292,90
1088,404,59,248,76
1089,406,59,250,77
1090,412,60,275,84
1091,417,61,289,89
1092,429,63,311,95
1093,457,67,312,96
1094,487,72,302,93
1095,480,71,288,88
1096,458,67,279,86
1097,477,70,245,75
1098,488,72,241,74
1099,498,73,235,72
1100,508,75,226,69
1101,451,66,232,71
1102,454,67,254,78
1103,449,66,285,87
1104,446,66,298,91
1105,426,63,233,71
1106,429,63,261,80
1107,431,63,289,89
1108,434,64,295,90
1109,402,59,241,74
1110,407,60,266,82
1111,413,61,290,89
1112,418,62,297,91
1113,427,62,308,94
1114,455,66,309,95
1115,485,71,301,92
1116,486,71,290,89
1117,471,69,282,86
1118,477,70,244,75
1119,487,71,240,74
1120,497,72,233,71
1121,507,74,226,69
1122,452,66,233,71
1123,452,66,244,75
1124,450,66,275,84
1125,448,65,293,90
1126,427,62,235,72
1127,427,62,248,76
1128,429,63,277,85
1129,432,63,291,89
1130,403,59,244,75
1131,404,59,256,78
1132,410,60,278,85
1133,416,61,288,88
1134,428,63,309,95
1135,456,67,309,95
1136,485,71,300,92
1137,484,71,289,89
1138,469,69,282,86
1139,477,70,244,75
1140,487,71,240,74
1141,497,73,233,71
1142,507,74,225,69
1143,452,66,231,71
1144,452,66,254,78
1145,450,66,282,86
1146,449,66,295,90
1147,426,62,232,71
1148,427,63,258,79
1149,430,63,283,87
1150,434,64,290,89
1151,403,59,241,74
1152,405,59,264,81
1153,411,60,284,87
1154,417,61,291,89
1155,432,67,315,97
1156,459,71,308,94
1157,487,75,291,89
1158,475,73,275,84
1159,452,70,268,82
1160,472,73,240,74
1161,476,74,238,73
1162,478,74,233,71
1163,482,74,224,69
1164,446,69,229,70
1165,446,69,256,78
1166,445,69,283,87
1167,447,69,293,90
1168,421,65,232,71
1169,422,65,265,81
1170,427,66,287,88
1171,432,67,290,89
1172,398,61,242,74
1173,402,62,269,82
1174,409,63,289,89
1175,415,64,293,90
1176,426,65,312,96
1177,456,69,308,94
1178,486,74,295,90
1179,479,73,284,87
1180,457,69,279,86
1181,473,72,240,74
1182,472,72,228,70
1183,468,71,226,69
1184,464,71,225,69
1185,448,68,230,70
1186,437,66,249,76
1187,438,67,281,86
1188,443,67,295,90
1189,424,64,232,71
1190,414,63,256,78
1191,419,64,283,87
1192,427,65,293,90
1193,401,61,239,73
1194,395,60,256,78
1195,402,61,280,86
1196,410,62,289,89
1197,422,65,318,98
1198,449,69,311,95
1199,475,73,298,91
1200,467,72,283,87
1201,447,69,275,84
1202,464,71,244,75
1203,455,70,228,70
1204,441,68,222,68
1205,427,66,218,67
1206,439,67,239,73
1207,426,65,240,74
1208,426,65,273,84
1209,431,66,289,89
1210,415,64,241,74
1211,403,62,244,75
1212,406,62,274,84
1213,414,64,285,87
1214,394,60,246,75
1215,385,59,250,77
1216,390,60,274,84
1217,399,61,284,87
1218,423,65,318,98
1219,449,69,312,96
1220,476,73,298,91
1221,467,71,284,87
1222,448,68,277,85
1223,463,71,245,75
1224,454,69,228,70
1225,438,67,220,67
1226,424,65,216,66
1227,440,67,239,73
1228,420,64,244,75
1229,421,64,277,85
1230,429,66,293,90
1231,418,64,240,74
1232,400,61,250,77
1233,405,62,279,86
1234,415,63,291,89
1235,397,61,245,75
1236,385,59,252,77
1237,391,60,276,85
1238,401,61,288,88
1239,422,66,319,98
1240,449,70,313,96
1241,477,75,297,91
1242,468,73,281,86
1243,445,70,275,84
1244,463,73,241,74
1245,441,69,222,68
1246,425,67,225,69
1247,416,65,231,71
1248,439,69,240,74
1249,421,66,235,72
1250,423,66,270,83
1251,429,67,289,89
1252,418,65,244,75
1253,402,63,242,74
1254,405,63,274,84
1255,413,65,289,89
1256,398,62,251,77
1257,387,61,249,76
1258,392,61,274,84
1259,400,63,287,88
1260,423,66,317,97
1261,453,71,311,95
1262,480,75,294,90
1263,463,72,277,85
1264,436,68,270,83
1265,465,73,240,74
1266,447,70,227,69
1267,434,68,231,71
1268,427,67,230,70
1269,438,68,233,71
1270,424,66,250,77
1271,430,67,283,87
1272,440,69,293,90
1273,415,65,237,73
1274,403,63,260,80
1275,412,64,287,88
1276,423,66,290,89
1277,394,61,244,75
1278,389,61,266,82
1279,397,62,289,89
1280,406,63,292,90
1281,427,65,318,98
1282,455,70,314,96
1283,481,74,300,92
1284,469,72,283,87
1285,443,68,277,85
1286,473,72,245,75
1287,465,71,240,74
1288,456,70,265,81
1289,454,69,281,86
1290,446,68,242,74
1291,436,67,234,72
1292,433,66,268,82
1293,434,66,288,88
1294,422,64,245,75
1295,412,63,241,74
1296,414,63,274,84
1297,419,64,292,90
1298,401,61,254,78
1299,394,60,252,77
1300,398,61,277,85
1301,405,62,290,89
1302,431,67,319,98
1303,457,71,315,97
1304,479,75,298,91
1305,482,75,279,86
1306,478,75,262,80
1307,465,73,242,74
1308,455,71,244,75
1309,449,70,264,81
1310,448,70,280,86
1311,440,69,240,74
1312,435,68,247,76
1313,433,67,275,84
1314,434,68,294,90
1315,419,65,245,75
1316,413,64,255,78
1317,416,65,283,87
1318,421,66,300,92
1319,401,62,255,78
1320,394,61,262,80
1321,399,62,284,87
1322,407,63,297,91
1323,430,66,314,96
1324,455,70,314,96
1325,477,73,303,93
1326,476,73,287,88
1327,470,72,272,83
1328,469,72,241,74
1329,459,70,250,77
1330,455,70,271,83
1331,456,70,281,86
1332,445,68,236,72
1333,439,67,257,79
1334,439,67,284,87
1335,441,67,290,89
1336,422,64,240,74
1337,416,64,266,82
1338,421,64,291,89
1339,427,65,297,91
1340,402,61,249,76
1341,398,61,269,82
1342,405,62,290,89
1343,412,63,297,91
1344,429,66,314,96
1345,453,70,309,95
1346,475,73,292,90
1347,478,74,276,85
1348,479,74,265,81
1349,455,70,239,73
1350,449,69,248,76
1351,448,69,265,81
1352,450,69,271,83
1353,434,67,235,72
1354,431,67,263,81
1355,434,67,290,89
1356,438,68,297,91
1357,415,64,239,73
1358,414,64,272,83
1359,421,65,295,90
1360,427,66,300,92
1361,397,61,249,76
1362,399,62,274,84
1363,406,63,293,90
1364,413,64,299,92
1365,428,65,314,96
1366,452,69,312,96
1367,472,72,300,92
1368,476,73,285,87
1369,477,73,271,83
1370,461,70,241,74
1371,457,70,251,77
1372,457,70,261,80
1373,460,70,264,81
1374,440,67,234,72
1375,435,66,267,82
1376,436,67,292,90
1377,439,67,298,91
1378,418,64,238,73
1379,415,63,277,85
1380,420,64,296,91
1381,425,65,298,91
1382,399,61,248,76
1383,397,61,279,86
1384,405,62,296,91
1385,411,63,297,91
1386,427,64,311,95
1387,448,67,314,96
1388,470,71,310,95
1389,466,70,299,92
1390,446,67,289,89
1391,473,71,252,77
1392,476,72,257,79
1393,470,71,262,80
1394,465,70,264,81
1395,448,67,241,74
1396,439,66,257,79
1397,435,65,287,88
1398,436,66,298,91
1399,423,64,240,74
1400,414,62,260,80
1401,416,63,287,88
1402,422,63,296,91
1403,402,60,247,76
1404,394,59,262,80
1405,399,60,284,87
1406,407,61,292,90
1407,423,63,316,97
1408,448,67,320,98
1409,475,71,312,96
1410,469,70,296,91
1411,448,67,284,87
1412,480,72,248,76
1413,470,70,255,78
1414,461,69,270,83
1415,456,68,273,84
1416,451,67,237,73
1417,436,65,258,79
1418,435,65,290,89
1419,441,66,296,91
1420,424,63,238,73
1421,412,61,265,81
1422,416,62,293,90
1423,424,63,295,90
1424,400,60,247,76
1425,393,58,273,84
1426,400,60,296,91
1427,410,61,297,91
1428,422,64,312,96
1429,450,68,313,96
1430,477,72,306,94
1431,473,72,295,90
1432,457,69,287,88
1433,473,72,241,74
1434,450,68,250,77
1435,442,67,274,84
1436,443,67,285,87
1437,445,67,234,72
1438,427,65,250,77
1439,429,65,281,86
1440,437,66,291,89
1441,418,63,238,73
1442,406,61,259,79
1443,412,62,286,88
1444,422,64,291,89
1445,396,60,247,76
1446,390,59,268,82
1447,397,60,290,89
1448,408,62,294,90
